
--------------------------Matricea A----------------------------------
33.4815 5.65271 -82.8 1 0 0 0 0 -3783.41 -638.756 9356.4 -113 
0 0 0 0 33.4815 5.65271 -82.8 1 -5959.71 -1006.18 14738.4 -178 
39.9781 -11.4425 -80.7 1 0 0 0 0 -2118.84 606.453 4277.1 -53 
0 0 0 0 39.9781 -11.4425 -80.7 1 -11553.7 3306.88 23322.3 -289 
1.09301 -10.4617 -89.2 1 0 0 0 0 -347.577 3326.82 28365.6 -318 
0 0 0 0 1.09301 -10.4617 -89.2 1 -327.903 3138.51 26760 -300 
-20.1568 8.15505 -87.9 1 0 0 0 0 9110.87 -3686.08 39730.8 -452 
0 0 0 0 -20.1568 8.15505 -87.9 1 3608.07 -1459.75 15734.1 -179 
-31.2674 -14.9122 -91.6 1 0 0 0 0 15852.6 7560.49 46441.2 -507 
0 0 0 0 -31.2674 -14.9122 -91.6 1 10161.9 4846.46 29770 -325 
6.07599 14.8005 -89 1 0 0 0 0 -1768.11 -4306.95 25899 -291 
0 0 0 0 6.07599 14.8005 -89 1 -820.259 -1998.07 12015 -135 
-7.16042 19.2536 -90.9 1 0 0 0 0 2649.36 -7123.83 33633 -370 
0 0 0 0 -7.16042 19.2536 -90.9 1 816.288 -2194.91 10362.6 -114 
24.7157 8.23855 -88.8 1 0 0 0 0 -4201.67 -1400.55 15096 -170 
0 0 0 0 24.7157 8.23855 -88.8 1 -4201.67 -1400.55 15096 -170 
-2.58304 23.5512 -86.8 1 0 0 0 0 901.481 -8219.37 30293.2 -349 
0 0 0 0 -2.58304 23.5512 -86.8 1 204.06 -1860.54 6857.2 -79 
-12.9747 0.457931 -87.2 1 0 0 0 0 5332.6 -188.21 35839.2 -411 
0 0 0 0 -12.9747 0.457931 -87.2 1 2919.31 -103.034 19620 -225 
27.4785 -27.4785 -89.7 1 0 0 0 0 -4286.65 4286.65 13993.2 -156 
0 0 0 0 27.4785 -27.4785 -89.7 1 -10909 10909 35610.9 -397 
29.1336 14.8005 -89 1 0 0 0 0 -4020.44 -2042.47 12282 -138 
0 0 0 0 29.1336 14.8005 -89 1 -3758.23 -1909.26 11481 -129 
7.61678 -18.187 -88.8 1 0 0 0 0 -2109.85 5037.8 24597.6 -277 
0 0 0 0 7.61678 -18.187 -88.8 1 -2658.26 6347.26 30991.2 -349 
-1.08566 -10.0811 -88.6 1 0 0 0 0 353.925 3286.44 28883.6 -326 
0 0 0 0 -1.08566 -10.0811 -88.6 1 318.098 2953.76 25959.8 -293 
-8.84038 -18.4562 -88.6 1 0 0 0 0 3288.62 6865.71 32959.2 -372 
0 0 0 0 -8.84038 -18.4562 -88.6 1 3023.41 6312.02 30301.2 -342 
18.0846 5.71906 -88.3 1 0 0 0 0 -3924.36 -1241.04 19161.1 -217 
0 0 0 0 18.0846 5.71906 -88.3 1 -3417.99 -1080.9 16688.7 -189 
-17.3872 21.3878 -87.9 1 0 0 0 0 7615.59 -9367.86 38500.2 -438 
0 0 0 0 -17.3872 21.3878 -87.9 1 1703.95 -2096 8614.2 -98 
2.711 18.3391 -91.1 1 0 0 0 0 -837.699 -5666.78 28149.9 -309 
0 0 0 0 2.711 18.3391 -91.1 1 -322.609 -2182.35 10840.9 -119 
46.0068 16.8011 -89.7 1 0 0 0 0 -1518.22 -554.436 2960.1 -33 
0 0 0 0 46.0068 16.8011 -89.7 1 -5520.82 -2016.13 10764 -120 
-27.2166 16.6908 -85.9 1 0 0 0 0 13690 -8395.47 43207.7 -503 
0 0 0 0 -27.2166 16.6908 -85.9 1 3429.29 -2103.04 10823.4 -126 
-37.2274 15.524 -86.1 1 0 0 0 0 20921.8 -8724.49 48388.2 -562 
0 0 0 0 -37.2274 15.524 -86.1 1 5025.7 -2095.74 11623.5 -135 
-21.939 30.0753 -83 1 0 0 0 0 10289.4 -14105.3 38927 -469 
0 0 0 0 -21.939 30.0753 -83 1 745.926 -1022.56 2822 -34 
-22.1946 27.6358 -81.8 1 0 0 0 0 10586.8 -13182.3 39018.6 -477 
0 0 0 0 -22.1946 27.6358 -81.8 1 998.757 -1243.61 3681 -45 
2.16887 -7.95252 -82.6 1 0 0 0 0 -681.025 2497.09 25936.4 -314 
0 0 0 0 2.16887 -7.95252 -82.6 1 -594.27 2178.99 22632.4 -274 
9.10925 -6.21743 -82.6 1 0 0 0 0 -2432.17 1660.05 22054.2 -267 
0 0 0 0 9.10925 -6.21743 -82.6 1 -2377.51 1622.75 21558.6 -261 
18.7522 0.150018 -85.7 1 0 0 0 0 -3919.21 -31.3538 17911.3 -209 
0 0 0 0 18.7522 0.150018 -85.7 1 -4106.73 -32.8539 18768.3 -219 
-31.9081 -1.91155 -84 1 0 0 0 0 16624.1 995.918 43764 -521 
0 0 0 0 -31.9081 -1.91155 -84 1 7626.04 456.86 20076 -239 
25.1354 -28.0413 -83 1 0 0 0 0 -4172.48 4654.86 13778 -166 
0 0 0 0 25.1354 -28.0413 -83 1 -10054.2 11216.5 33200 -400 
26.8292 15.9341 -77.8 1 0 0 0 0 -3997.55 -2374.18 11592.2 -149 
0 0 0 0 26.8292 15.9341 -77.8 1 -2629.26 -1561.54 7624.4 -98 
41.1553 19.7362 -87.4 1 0 0 0 0 -2387.01 -1144.7 5069.2 -58 
0 0 0 0 41.1553 19.7362 -87.4 1 -3992.06 -1914.41 8477.8 -97 
-26.1952 31.1708 -83.6 1 0 0 0 0 12992.8 -15460.7 41465.6 -496 
0 0 0 0 -26.1952 31.1708 -83.6 1 838.246 -997.466 2675.2 -32 
23.6174 -24.7909 -83.8 1 0 0 0 0 -4085.81 4288.83 14497.4 -173 
0 0 0 0 23.6174 -24.7909 -83.8 1 -8927.38 9370.96 31676.4 -378 
16.4283 21.8541 -86.1 1 0 0 0 0 -3564.94 -4742.34 18683.7 -217 
0 0 0 0 16.4283 21.8541 -86.1 1 -1379.98 -1835.74 7232.4 -84 
-33.454 -7.35087 -85.7 1 0 0 0 0 17831 3918.01 45678.1 -533 
0 0 0 0 -33.454 -7.35087 -85.7 1 9467.48 2080.3 24253.1 -283 
-6.9992 3.28534 -81.6 1 0 0 0 0 2568.71 -1205.72 29947.2 -367 
0 0 0 0 -6.9992 3.28534 -81.6 1 1364.84 -640.641 15912 -195 
37.7611 5.71293 -79.6 1 0 0 0 0 -2643.28 -399.905 5572 -70 
0 0 0 0 37.7611 5.71293 -79.6 1 -6608.19 -999.763 13930 -175 
5.7756 26.5085 -84.6 1 0 0 0 0 -1698.03 -7793.5 24872.4 -294 
0 0 0 0 5.7756 26.5085 -84.6 1 -306.107 -1404.95 4483.8 -53 
4.84083 2.49376 -83.8 1 0 0 0 0 -1418.36 -730.672 24553.4 -293 
0 0 0 0 4.84083 2.49376 -83.8 1 -1006.89 -518.702 17430.4 -208 
-8.41465 -3.21287 -87.4 1 0 0 0 0 3205.98 1224.1 33299.4 -381 
0 0 0 0 -8.41465 -3.21287 -87.4 1 2154.15 822.495 22374.4 -256 
-23.3709 28.0728 -79 1 0 0 0 0 11147.9 -13390.7 37683 -477 
0 0 0 0 -23.3709 28.0728 -79 1 724.498 -870.257 2449 -31 
-35.236 -2.30803 -87.9 1 0 0 0 0 19274.1 1262.49 48081.3 -547 
0 0 0 0 -35.236 -2.30803 -87.9 1 8809 577.008 21975 -250 
19.7089 3.35781 -83.4 1 0 0 0 0 -3902.36 -664.846 16513.2 -198 
0 0 0 0 19.7089 3.35781 -83.4 1 -3902.36 -664.846 16513.2 -198 
-4.6271 13.8813 -80.1 1 0 0 0 0 1716.65 -5149.96 29717.1 -371 
0 0 0 0 -4.6271 13.8813 -80.1 1 573.76 -1721.28 9932.4 -124 
19.7131 4.17284 -82.2 1 0 0 0 0 -4041.19 -855.432 16851 -205 
0 0 0 0 19.7131 4.17284 -82.2 1 -3686.35 -780.321 15371.4 -187 
19.8304 26.3884 -89.2 1 0 0 0 0 -3847.1 -5119.35 17304.8 -194 
0 0 0 0 19.8304 26.3884 -89.2 1 -1189.82 -1583.3 5352 -60 
-21.3918 -24.5147 -89.2 1 0 0 0 0 9711.88 11129.7 40496.8 -454 
0 0 0 0 -21.3918 -24.5147 -89.2 1 8257.23 9462.67 34431.2 -386 
-3.95613 -19.7807 -90.4 1 0 0 0 0 1384.65 6923.25 31640 -350 
0 0 0 0 -3.95613 -19.7807 -90.4 1 1408.38 7041.93 32182.4 -356 
32.2789 18.1292 -84.2 1 0 0 0 0 -3582.96 -2012.34 9346.2 -111 
0 0 0 0 32.2789 18.1292 -84.2 1 -3227.89 -1812.92 8420 -100 
-36.6245 3.76795 -86.1 1 0 0 0 0 20619.6 -2121.36 48474.3 -563 
0 0 0 0 -36.6245 3.76795 -86.1 1 7837.64 -806.341 18425.4 -214 
12.6404 -29.4942 -83 1 0 0 0 0 -3147.46 7344.06 20667 -249 
0 0 0 0 12.6404 -29.4942 -83 1 -5144.64 12004.1 33781 -407 
-28.3115 -16.8696 -83.8 1 0 0 0 0 14325.6 8536.02 42402.8 -506 
0 0 0 0 -28.3115 -16.8696 -83.8 1 9512.66 5668.19 28156.8 -336 
34.1435 -10.0251 -83 1 0 0 0 0 -3311.92 972.435 8051 -97 
0 0 0 0 34.1435 -10.0251 -83 1 -9491.89 2786.98 23074 -278 
33.0844 -5.14647 -84 1 0 0 0 0 -3275.36 509.501 8316 -99 
0 0 0 0 33.0844 -5.14647 -84 1 -8403.44 1307.2 21336 -254 
-30.9329 -9.26417 -89.7 1 0 0 0 0 15744.8 4715.46 45657.3 -509 
0 0 0 0 -30.9329 -9.26417 -89.7 1 9063.34 2714.4 26282.1 -293 
-13.8268 19.6007 -86.8 1 0 0 0 0 5655.16 -8016.69 35501.2 -409 
0 0 0 0 -13.8268 19.6007 -86.8 1 1548.6 -2195.28 9721.6 -112 
-0.431673 -20.5764 -82.2 1 0 0 0 0 144.61 6893.09 27537 -335 
0 0 0 0 -0.431673 -20.5764 -82.2 1 152.812 7284.05 29098.8 -354 
10.8557 -10.8557 -78.5 1 0 0 0 0 -2909.33 2909.33 21038 -268 
0 0 0 0 10.8557 -10.8557 -78.5 1 -3115.59 3115.59 22529.5 -287 
-29.9547 -26.2636 -81.1 1 0 0 0 0 15696.3 13762.1 42496.4 -524 
0 0 0 0 -29.9547 -26.2636 -81.1 1 11832.1 10374.1 32034.5 -395 
-26.3284 22.0589 -81.3 1 0 0 0 0 13269.5 -11117.7 40975.2 -504 
0 0 0 0 -26.3284 22.0589 -81.3 1 2237.91 -1875.01 6910.5 -85 
35.887 22.8108 -83 1 0 0 0 0 -3481.04 -2212.65 8051 -97 
0 0 0 0 35.887 22.8108 -83 1 -2224.99 -1414.27 5146 -62 
-24.8809 6.56367 -87.2 1 0 0 0 0 11967.7 -3157.13 41943.2 -481 
0 0 0 0 -24.8809 6.56367 -87.2 1 4652.73 -1227.41 16306.4 -187 
-2.29491 -0.152994 -87.4 1 0 0 0 0 782.564 52.171 29803.4 -341 
0 0 0 0 -2.29491 -0.152994 -87.4 1 534.714 35.6476 20364.2 -233 
28.0887 -5.49885 -84.9 1 0 0 0 0 -4100.95 802.832 12395.4 -146 
0 0 0 0 28.0887 -5.49885 -84.9 1 -7190.71 1407.71 21734.4 -256 
-32.5885 14.4061 -79.9 1 0 0 0 0 17402.3 -7692.86 42666.6 -534 
0 0 0 0 -32.5885 14.4061 -79.9 1 4236.51 -1872.79 10387 -130 
6.22303 -23.0943 -79 1 0 0 0 0 -1810.9 6720.44 22989 -291 
0 0 0 0 6.22303 -23.0943 -79 1 -2277.63 8452.51 28914 -366 
15.239 7.28821 -75.7 1 0 0 0 0 -3642.12 -1741.88 18092.3 -239 
0 0 0 0 15.239 7.28821 -75.7 1 -2301.09 -1100.52 11430.7 -151 
14.951 12.1397 -73 1 0 0 0 0 -3349.02 -2719.29 16352 -224 
0 0 0 0 14.951 12.1397 -73 1 -1674.51 -1359.65 8176 -112 
15.3195 -3.59675 -76.1 1 0 0 0 0 -3569.44 838.043 17731.3 -233 
0 0 0 0 15.3195 -3.59675 -76.1 1 -3538.8 830.849 17579.1 -231 
40.8257 -12.2901 -80.7 1 0 0 0 0 -2041.28 614.505 4035 -50 
0 0 0 0 40.8257 -12.2901 -80.7 1 -12125.2 3650.16 23967.9 -297 
-29.8639 20.1619 -86.6 1 0 0 0 0 15589 -10524.5 45205.2 -522 
0 0 0 0 -29.8639 20.1619 -86.6 1 3255.17 -2197.65 9439.4 -109 

------------------------Coordonate proiector----------------------------------
113 178 
53 289 
318 300 
452 179 
507 325 
291 135 
370 114 
170 170 
349 79 
411 225 
156 397 
138 129 
277 349 
326 293 
372 342 
217 189 
438 98 
309 119 
33 120 
503 126 
562 135 
469 34 
477 45 
314 274 
267 261 
209 219 
521 239 
166 400 
149 98 
58 97 
496 32 
173 378 
217 84 
533 283 
367 195 
70 175 
294 53 
293 208 
381 256 
477 31 
547 250 
198 198 
371 124 
205 187 
194 60 
454 386 
350 356 
111 100 
563 214 
249 407 
506 336 
97 278 
99 254 
509 293 
409 112 
335 354 
268 287 
524 395 
504 85 
97 62 
481 187 
341 233 
146 256 
534 130 
291 366 
239 151 
224 112 
233 231 
50 297 
522 109 

------------------------Coordonate Kinect----------------------------------
33.4815 5.65271  -82.8 
39.9781 -11.4425  -80.7 
1.09301 -10.4617  -89.2 
-20.1568 8.15505  -87.9 
-31.2674 -14.9122  -91.6 
6.07599 14.8005  -89 
-7.16042 19.2536  -90.9 
24.7157 8.23855  -88.8 
-2.58304 23.5512  -86.8 
-12.9747 0.457931  -87.2 
27.4785 -27.4785  -89.7 
29.1336 14.8005  -89 
7.61678 -18.187  -88.8 
-1.08566 -10.0811  -88.6 
-8.84038 -18.4562  -88.6 
18.0846 5.71906  -88.3 
-17.3872 21.3878  -87.9 
2.711 18.3391  -91.1 
46.0068 16.8011  -89.7 
-27.2166 16.6908  -85.9 
-37.2274 15.524  -86.1 
-21.939 30.0753  -83 
-22.1946 27.6358  -81.8 
2.16887 -7.95252  -82.6 
9.10925 -6.21743  -82.6 
18.7522 0.150018  -85.7 
-31.9081 -1.91155  -84 
25.1354 -28.0413  -83 
26.8292 15.9341  -77.8 
41.1553 19.7362  -87.4 
-26.1952 31.1708  -83.6 
23.6174 -24.7909  -83.8 
16.4283 21.8541  -86.1 
-33.454 -7.35087  -85.7 
-6.9992 3.28534  -81.6 
37.7611 5.71293  -79.6 
5.7756 26.5085  -84.6 
4.84083 2.49376  -83.8 
-8.41465 -3.21287  -87.4 
-23.3709 28.0728  -79 
-35.236 -2.30803  -87.9 
19.7089 3.35781  -83.4 
-4.6271 13.8813  -80.1 
19.7131 4.17284  -82.2 
19.8304 26.3884  -89.2 
-21.3918 -24.5147  -89.2 
-3.95613 -19.7807  -90.4 
32.2789 18.1292  -84.2 
-36.6245 3.76795  -86.1 
12.6404 -29.4942  -83 
-28.3115 -16.8696  -83.8 
34.1435 -10.0251  -83 
33.0844 -5.14647  -84 
-30.9329 -9.26417  -89.7 
-13.8268 19.6007  -86.8 
-0.431673 -20.5764  -82.2 
10.8557 -10.8557  -78.5 
-29.9547 -26.2636  -81.1 
-26.3284 22.0589  -81.3 
35.887 22.8108  -83 
-24.8809 6.56367  -87.2 
-2.29491 -0.152994  -87.4 
28.0887 -5.49885  -84.9 
-32.5885 14.4061  -79.9 
6.22303 -23.0943  -79 
15.239 7.28821  -75.7 
14.951 12.1397  -73 
15.3195 -3.59675  -76.1 
40.8257 -12.2901  -80.7 
-29.8639 20.1619  -86.6 

---------------------Valori singulare---------------------------------
9.12299e+010   5.96963e+009   3.20455e+009   466034   97170.9   27355.3   22340   10754.8   3631.18   52.2135   0.0764192   0.0213852   
----------------------Vectori valori singulare-----------------------------
-0.000222043   6.94185e-005   -0.00175518   2.059e-005   1.31218e-005   -7.80998e-005   -0.0011316   1.329e-005   0.139283   0.00704787   0.990157   -0.0116028   


-0.00146549   0.000613959   -2.94221e-005   1.1888e-007   -0.00126848   0.000498509   0.00301373   -3.60864e-005   0.884214   -0.451081   -0.121148   0.00159248   


-0.000751543   -0.00172793   0.00253818   -3.07546e-005   -0.00105335   -0.000859099   0.000565345   -7.20116e-006   0.445817   0.89245   -0.0690436   0.00133971   


0.0590552   -0.012697   -0.577724   0.00680661   0.0153957   -0.0490324   0.812281   -0.00954997   -0.00162231   0.00194456   0.00014054   0.00101592   


-0.373085   0.0787432   0.681355   -0.00809976   0.292661   -0.246683   0.492563   -0.00571114   -0.0020591   -0.00110396   0.00156105   -0.0336995   


-0.326319   -0.296198   -0.208419   0.00229268   0.731128   0.462952   -0.115033   0.00166725   0.0010364   0.000564971   -0.000853573   -0.0151216   


-0.0641636   -0.00349175   0.0284127   -0.00228775   -0.0321551   0.0554944   0.0275311   -0.00161   -0.000649093   -0.000398147   0.0118263   0.99501   


-0.489578   -0.415577   0.0951346   -0.000995505   -0.610092   0.425992   0.134133   -0.00127782   -0.00231355   -0.000630054   -0.000358894   -0.0829335   


-0.329538   0.856055   -0.105222   0.000498984   -0.0708176   0.375301   -0.0134516   0.00100082   -0.000348745   0.0021413   -0.000717673   -0.0380776   


0.630727   0.0188614   0.370818   0.0227319   0.0360483   0.629653   0.254971   -0.0302358   6.06321e-005   6.42406e-005   0.00100164   -0.0108658   


0.0222405   -4.00339e-005   0.00916811   -0.311557   0.00115665   0.021036   0.0199244   0.949481   3.05399e-006   -1.97185e-007   4.25319e-005   0.000304589   


-0.0111106   0.000119145   0.00480931   0.949891   -0.000542426   -0.0106552   -0.000695476   0.312156   -1.38422e-006   -2.58734e-007   9.14486e-006   0.00243159   



----------------------Homography----------------------------------
-0.0111106 0.000119145 0.00480931 0.949891 
-0.000542426 -0.0106552 -0.000695476 0.312156 
-1.38422e-006 -2.58734e-007 9.14486e-006 0.00243159 

-----------------Projection matrix-------------------------
-1200.81  12.8769  519.777  102662  
-58.6238  -1151.58  -75.1651  33736.9  
0  0  0  -1  
-0.149602  -0.0279632  0.988351  262.8  

-----------------invViewPort matrix-------------------------
0.003125  0  0  -1  
0  0.00416667  0  -1  
0  0  214.232  1.56885  
0  0  0  1  

-----------------Full projection matrix-------------------------
-3.60291  0.0682034  0.635952  58.0176  
-0.0946639  -4.77029  -1.30154  -122.229  
-0.234703  -0.04387  1.55057  198.061  
-0.149602  -0.0279632  0.988351  262.8  

-----------------Projection matrix-------------------------
-3.60291  0.0682034  0.635952  58.0176  
-0.0946639  -4.77029  -1.30154  -122.229  
-0.234703  -0.04387  1.55057  198.061  
-0.149602  -0.0279632  0.988351  262.8  
